0;1;3007.0;06/12/2017;
1;2;900.0;06/12/2017;
2;3;3200.0;06/12/2017;
3;4;1600.0;06/12/2017;
4;5;900.0;06/12/2017;
5;6;1600.0;06/12/2017;
6;7;1600.0;06/12/2017;
7;8;1600.0;06/12/2017;
8;9;1600.0;06/12/2017;
9;10;1600.0;06/12/2017;
10;12;1600.0;06/12/2017;
11;13;1600.0;06/12/2017;
12;14;1600.0;06/12/2017;
13;15;1600.0;06/12/2017;
14;16;1600.0;06/12/2017;
15;17;1600.0;06/12/2017;
16;18;1600.0;06/12/2017;
17;19;1600.0;06/12/2017;
18;20;1600.0;06/12/2017;
19;21;1000.0;06/12/2017;
20;23;1000.0;06/12/2017;
21;24;1000.0;06/12/2017;
22;25;1000.0;06/12/2017;
23;26;1000.0;06/12/2017;
24;27;1000.0;06/12/2017;
25;28;1000.0;06/12/2017;
26;29;1000.0;06/12/2017;
27;30;1000.0;06/12/2017;
28;31;1000.0;06/12/2017;
29;32;1000.0;06/12/2017;
30;33;1000.0;06/12/2017;
31;34;1000.0;06/12/2017;
32;35;1000.0;06/12/2017;
33;36;1000.0;06/12/2017;
34;37;1000.0;06/12/2017;
35;38;1000.0;06/12/2017;
36;39;1000.0;06/12/2017;
37;40;1000.0;06/12/2017;